0,0.26451611518859863 0.22580644488334656 0.19354838132858276 0.1225806400179863 0.19354838132858276 
0,0.2880324423313141 0.1764705777168274 0.12576064467430115 0.1967545598745346 0.21298174560070038 
0,0.23188406229019165 0.28260868787765503 0.2246376872062683 0.10144928097724915 0.15942029654979706 
0,0.31481480598449707 0.09764309227466583 0.12289562076330185 0.21717171370983124 0.24747474491596222 
0,0.31515151262283325 0.18484847247600555 0.14848484098911285 0.13939394056797028 0.21212120354175568 
0,0.2658730447292328 0.2043650895357132 0.0694444477558136 0.255952388048172 0.2043650895357132 
0,0.38040345907211304 0.16426512598991394 0.09510086476802826 0.14409221708774567 0.2161383181810379 
0,0.28108108043670654 0.21621622145175934 0.14864864945411682 0.16486486792564392 0.18918919563293457 
0,0.3212851285934448 0.13453814387321472 0.12449798732995987 0.1867469847202301 0.2329317182302475 
0,0.284246563911438 0.15753424167633057 0.1780821979045868 0.16438356041908264 0.21575342118740082 
0,0.12244898080825806 0.4591836631298065 0.30612245202064514 0.040816325694322586 0.0714285671710968 
0,0.3035714328289032 0.227678582072258 0.1205357164144516 0.1383928656578064 0.2098214328289032 
0,0.4265536665916443 0.08757062256336212 0.1355932205915451 0.1525423675775528 0.1977401077747345 
0,0.08547008782625198 0.3162393271923065 0.3333333432674408 0.12820513546466827 0.1367521435022354 
0,0.3463497459888458 0.15449915826320648 0.10016977787017822 0.20203734934329987 0.1969439834356308 
0,0.17500001192092896 0.3333333432674408 0.3500000238418579 0.05833333730697632 0.0833333358168602 
0,0.33223140239715576 0.1818181872367859 0.13388429582118988 0.20000000298023224 0.15206611156463623 
0,0.2666666805744171 0.2133333384990692 0.2133333384990692 0.15333333611488342 0.15333333611488342 
0,0.37635868787765503 0.10054347664117813 0.1046195700764656 0.15896739065647125 0.25951087474823 
0,0.34022256731987 0.11128775775432587 0.0810810849070549 0.22734498977661133 0.2400635927915573 
0,0.37837839126586914 0.12387387454509735 0.11936937272548676 0.1779279261827469 0.20045045018196106 
0,0.313043475151062 0.22608694434165955 0.19130434095859528 0.0782608687877655 0.19130434095859528 
0,0.28169015049934387 0.19953051209449768 0.11737089604139328 0.20187793672084808 0.19953051209449768 
0,0.3408360183238983 0.09003215283155441 0.11897105723619461 0.19935691356658936 0.2508038580417633 
0,0.28423774242401123 0.2067183554172516 0.1860465109348297 0.16020672023296356 0.1627907007932663 
0,0.30882352590560913 0.2647058963775635 0.15441176295280457 0.11029411852359772 0.1617647111415863 
0,0.2266187071800232 0.20143885910511017 0.2266187071800232 0.158273383975029 0.18705035746097565 
0,0.32929784059524536 0.19370460510253906 0.1331719160079956 0.18886199593544006 0.1549636870622635 
0,0.3916349709033966 0.09695817530155182 0.0722433477640152 0.17300380766391754 0.26615968346595764 
0,0.27696794271469116 0.22448980808258057 0.1311953365802765 0.1428571492433548 0.22448980808258057 
0,0.3788819909095764 0.1428571492433548 0.1180124282836914 0.1894409954547882 0.17080745100975037 
0,0.30909091234207153 0.19696968793869019 0.08181817829608917 0.14848484098911285 0.26363635063171387 
0,0.3089887797832489 0.12640449404716492 0.10674157738685608 0.21067416667938232 0.24719101190567017 
0,0.3178808093070984 0.2384105920791626 0.14900662004947662 0.13907285034656525 0.15562914311885834 
0,0.38192421197891235 0.2215743511915207 0.1166180819272995 0.13411079347133636 0.14577260613441467 
0,0.2857142686843872 0.18199607729911804 0.14677104353904724 0.20939335227012634 0.17612524330615997 
0,0.15671642124652863 0.3432835638523102 0.21641790866851807 0.13432835042476654 0.1492537260055542 
0,0.3248175084590912 0.15693430602550507 0.16058394312858582 0.17153283953666687 0.18613138794898987 
0,0.3632652759552002 0.15102040767669678 0.18775509297847748 0.12244897335767746 0.1755101978778839 
0,0.2763819098472595 0.1557788997888565 0.19849246740341187 0.15829145908355713 0.21105527877807617 
0,0.25436410307884216 0.2493765652179718 0.15710723400115967 0.1521197110414505 0.18703243136405945 
0,0.36191678047180176 0.017654476687312126 0.04413619264960289 0.25977301597595215 0.316519558429718 
0,0.3037974536418915 0.2067510485649109 0.19409281015396118 0.12236286699771881 0.17299577593803406 
0,0.43697482347488403 0.18487395346164703 0.11344538629055023 0.10504202544689178 0.1596638709306717 
0,0.23255813121795654 0.302325576543808 0.3255814015865326 0.09302325546741486 0.04651162773370743 
0,0.29999998211860657 0.26363635063171387 0.17272727191448212 0.12727272510528564 0.13636362552642822 
0,0.2460317611694336 0.2579365372657776 0.1984127163887024 0.1071428656578064 0.1904762089252472 
0,0.28108108043670654 0.23783785104751587 0.1945945918560028 0.12432432919740677 0.1621621698141098 
0,0.27272728085517883 0.14772728085517883 0.29545456171035767 0.13636364042758942 0.14772728085517883 
0,0.5752426981925964 0.13228155672550201 0.03276699036359787 0.1116504892706871 0.14805825054645538 
