0,0.40123456716537476 0.09104938060045242 0.06635802239179611 0.1944444477558136 0.2469135820865631 
0,0.3957894444465637 0.13052630424499512 0.11368420720100403 0.19789472222328186 0.1621052622795105 
0,0.34285712242126465 0.1469387710094452 0.06938774883747101 0.15918366611003876 0.2816326320171356 
0,0.3238866329193115 0.1659919023513794 0.2024291604757309 0.14979757368564606 0.15789474546909332 
0,0.24074073135852814 0.2222222238779068 0.21111111342906952 0.17407406866550446 0.1518518477678299 
0,0.36572888493537903 0.08567775040864944 0.0626598447561264 0.20076726377010345 0.2851662337779999 
0,0.3070652186870575 0.13858695328235626 0.10326087474822998 0.17934782803058624 0.27173912525177 
0,0.3919597864151001 0.11055276542901993 0.13567839562892914 0.20603014528751373 0.1557788997888565 
0,0.15573769807815552 0.3442622721195221 0.23770490288734436 0.12295081466436386 0.13934426009655 
0,0.24041812121868134 0.11846689879894257 0.09756097942590714 0.2717770040035248 0.2717770040035248 
0,0.3767772614955902 0.1374407708644867 0.11137440800666809 0.16824644804000854 0.20616114139556885 
0,0.3203883469104767 0.24919094145298004 0.11003236472606659 0.18446601927280426 0.13592232763767242 
0,0.3436960279941559 0.06735751032829285 0.0984455943107605 0.21934369206428528 0.2711571753025055 
0,0.23144105076789856 0.3362445533275604 0.12227074801921844 0.13100436329841614 0.17903929948806763 
0,0.3582887649536133 0.18983957171440125 0.16577540338039398 0.12032085657119751 0.16577540338039398 
0,0.18987342715263367 0.272151917219162 0.27848100662231445 0.06329113990068436 0.19620253145694733 
0,0.3314606845378876 0.1910112351179123 0.09269662946462631 0.19662921130657196 0.18820224702358246 
0,0.3681241273880005 0.09308885782957077 0.08603667467832565 0.19322991371154785 0.2595204710960388 
0,0.22316384315490723 0.26553672552108765 0.16384181380271912 0.15819209814071655 0.18926553428173065 
0,0.24539875984191895 0.20245398581027985 0.12883435189723969 0.1871165633201599 0.23619630932807922 
0,0.3050314486026764 0.1729559749364853 0.17610062658786774 0.1603773534297943 0.18553458154201508 
0,0.2678571343421936 0.25357142090797424 0.17142857611179352 0.11071428656578064 0.1964285671710968 
0,0.32956382632255554 0.14862681925296783 0.1292407214641571 0.13731825351715088 0.2552504241466522 
0,0.33922260999679565 0.268551230430603 0.1731448769569397 0.08480565249919891 0.1342756152153015 
1,0.17714285850524902 0.21142856776714325 0.33714285492897034 0.1257142871618271 0.1485714316368103 
1,0.31986531615257263 0.17845118045806885 0.1818181723356247 0.1515151411294937 0.16835016012191772 
1,0.20952381193637848 0.34761905670166016 0.18571428954601288 0.10952381044626236 0.14761905372142792 
1,0.22807016968727112 0.19548872113227844 0.24060150980949402 0.14786967635154724 0.18796992301940918 
1,0.24519231915473938 0.19711539149284363 0.1586538553237915 0.17307692766189575 0.22596155107021332 
1,0.35944700241088867 0.14055299758911133 0.17972350120544434 0.14746543765068054 0.17281106114387512 
1,0.23275862634181976 0.2198275923728943 0.21120689809322357 0.125 0.21120689809322357 
1,0.2645348906517029 0.21802325546741486 0.17151162028312683 0.14825581014156342 0.19767442345619202 
1,0.26153847575187683 0.2523076832294464 0.19384615123271942 0.1230769231915474 0.16923077404499054 
1,0.25482624769210815 0.20849420130252838 0.1621621549129486 0.18918918073177338 0.1853281855583191 
1,0.21754387021064758 0.24210527539253235 0.23157894611358643 0.13684210181236267 0.17192982137203217 
1,0.19631901383399963 0.3128834366798401 0.28834354877471924 0.05521472170948982 0.14723926782608032 
1,0.23628690838813782 0.25738394260406494 0.16455695033073425 0.13502109050750732 0.2067510485649109 
1,0.1796407252550125 0.3053892254829407 0.20958083868026733 0.071856290102005 0.23353293538093567 
1,0.1838565170764923 0.20627804100513458 0.1838565170764923 0.21076233685016632 0.21524664759635925 
1,0.1387283205986023 0.31213873624801636 0.2832369804382324 0.09826589375734329 0.16763004660606384 
1,0.180645152926445 0.33870968222618103 0.22258064150810242 0.08387096971273422 0.17419354617595673 
1,0.2786885201931 0.14754097163677216 0.16393440961837769 0.13114753365516663 0.2786885201931 
1,0.14885495603084564 0.39694657921791077 0.11450381577014923 0.14885495603084564 0.19083969295024872 
1,0.1973094344139099 0.1704035997390747 0.3408071994781494 0.12107624113559723 0.1704035997390747 
1,0.19767442345619202 0.26744186878204346 0.22674418985843658 0.13953489065170288 0.16860465705394745 
1,0.35546875 0.16015625 0.1328125 0.1640625 0.1875 
1,0.07547169923782349 0.2830188572406769 0.3836477994918823 0.10691823810338974 0.15094339847564697 
1,0.2666666805744171 0.20000000298023224 0.1666666716337204 0.15555556118488312 0.21111111342906952 
1,0.2460317611694336 0.20238097012043 0.1626984179019928 0.1468254029750824 0.242063507437706 
1,0.29104477167129517 0.2014925330877304 0.13432835042476654 0.17412935197353363 0.19900497794151306 
