4,0.25099602341651917 0.29482072591781616 0.17131474614143372 0.13944223523139954 0.1434262990951538 
4,0.3504672646522522 0.1892523318529129 0.1285046637058258 0.1425233632326126 0.1892523318529129 
4,0.2951127886772156 0.14473684132099152 0.129699245095253 0.21804511547088623 0.21240602433681488 
4,0.307865172624588 0.24719101190567017 0.1528089940547943 0.14606741070747375 0.14606741070747375 
4,0.3463541865348816 0.2161458432674408 0.0963541716337204 0.1354166716337204 0.2057291716337204 
4,0.28875380754470825 0.24620060622692108 0.16109423339366913 0.12765957415103912 0.1762917935848236 
4,0.41743117570877075 0.17431192100048065 0.07339449226856232 0.15596330165863037 0.17889907956123352 
4,0.3786408007144928 0.14886732399463654 0.13106796145439148 0.15210355818271637 0.1893204003572464 
4,0.3947368562221527 0.1473684310913086 0.0960526391863823 0.1763157993555069 0.18552632629871368 
4,0.30195382237434387 0.26465365290641785 0.10124333947896957 0.16163410246372223 0.17051510512828827 
4,0.38842976093292236 0.13223139941692352 0.08429752290248871 0.19669421017169952 0.19834710657596588 
4,0.24229073524475098 0.2643171548843384 0.20264315605163574 0.09251101315021515 0.19823788106441498 
4,0.39066338539123535 0.10073710232973099 0.15479114651679993 0.14496314525604248 0.20884519815444946 
4,0.3243243396282196 0.1783783882856369 0.14864864945411682 0.15675675868988037 0.1918918937444687 
4,0.18644067645072937 0.17796610295772552 0.29661017656326294 0.12711864709854126 0.2118644118309021 
4,0.2722007632255554 0.22007721662521362 0.15637065470218658 0.1660231649875641 0.1853281855583191 
4,0.31277531385421753 0.23201175034046173 0.12041115760803223 0.15859030187129974 0.17621144652366638 
4,0.361873984336853 0.17124395072460175 0.14216478168964386 0.15347334742546082 0.17124395072460175 
4,0.25 0.2146226465702057 0.18867924809455872 0.14150944352149963 0.20518867671489716 
4,0.38725489377975464 0.15032680332660675 0.10784313827753067 0.1617647111415863 0.19281046092510223 
4,0.3566265106201172 0.17108434438705444 0.10843373835086823 0.17349398136138916 0.19036145508289337 
4,0.2738589346408844 0.26556017994880676 0.19087137281894684 0.10373444855213165 0.16597510874271393 
4,0.2634408473968506 0.29032257199287415 0.19354838132858276 0.12903225421905518 0.12365591526031494 
4,0.3404669165611267 0.200389102101326 0.11673151701688766 0.1498054414987564 0.19260700047016144 
4,0.24561403691768646 0.3070175349712372 0.14035087823867798 0.14035087823867798 0.1666666716337204 
4,0.33182844519615173 0.19187359511852264 0.15801355242729187 0.1354401856660843 0.18284425139427185 
4,0.3038674294948578 0.20441989600658417 0.17403315007686615 0.1270718276500702 0.19060774147510529 
4,0.30075186491012573 0.19548872113227844 0.13283208012580872 0.15288220345973969 0.21804511547088623 
4,0.4311050474643707 0.1405184119939804 0.09413369745016098 0.16916780173778534 0.16507503390312195 
4,0.2209944874048233 0.20441989600658417 0.3038674294948578 0.11049724370241165 0.16022099554538727 
4,0.2956298291683197 0.19537274539470673 0.14910025894641876 0.17480719089508057 0.18508997559547424 
4,0.19607843458652496 0.2875817120075226 0.3333333432674408 0.0784313753247261 0.10457516461610794 
4,0.32011330127716064 0.21813030540943146 0.13597732782363892 0.14164306223392487 0.18413597345352173 
4,0.3675079047679901 0.18454259634017944 0.09463722258806229 0.15457414090633392 0.19873817265033722 
4,0.2562277615070343 0.24199287593364716 0.20640569925308228 0.1423487514257431 0.15302491188049316 
4,0.26940637826919556 0.2283104956150055 0.24200911819934845 0.06849315017461777 0.19178082048892975 
4,0.21957671642303467 0.24074073135852814 0.2460317313671112 0.09788359701633453 0.19576719403266907 
4,0.2890625 0.21875 0.13671875 0.1484375 0.20703125 
4,0.2059800624847412 0.2225913554430008 0.21926909685134888 0.1627907007932663 0.18936876952648163 
4,0.3127659559249878 0.18297871947288513 0.153191477060318 0.1702127605676651 0.1808510571718216 
4,0.33761468529701233 0.14311926066875458 0.11009174585342407 0.20917432010173798 0.20000000298023224 
4,0.24522292613983154 0.23566879332065582 0.2165605127811432 0.12101911008358002 0.18152865767478943 
4,0.3697068393230438 0.1856677532196045 0.1205211654305458 0.15309445559978485 0.17100976407527924 
4,0.3767772614955902 0.2132701575756073 0.0995260700583458 0.15402844548225403 0.15639811754226685 
0,0.32367148995399475 0.22946859896183014 0.11594203114509583 0.1666666716337204 0.1642512083053589 
0,0.3636363744735718 0.13223141431808472 0.11294765770435333 0.1542699784040451 0.23691460490226746 
0,0.4444444477558136 0.2222222238779068 0.1111111119389534 0.1111111119389534 0.1111111119389534 
0,0.29041916131973267 0.18862275779247284 0.14371258020401 0.14670659601688385 0.23053893446922302 
0,0.37228262424468994 0.16032609343528748 0.08423913270235062 0.21195653080940247 0.17119565606117249 
0,0.3464052081108093 0.19825707376003265 0.11328975856304169 0.16557733714580536 0.1764705777168274 
