2,0.30158731341362 0.1428571492433548 0.2063492238521576 0.130952388048172 0.2182539850473404 
2,0.22891566157341003 0.1987951695919037 0.1867469847202301 0.17469878494739532 0.21084336936473846 
2,0.2492668628692627 0.20821113884449005 0.20821113884449005 0.13782991468906403 0.19648094475269318 
2,0.3125 0.1339285671710968 0.193452388048172 0.1577381044626236 0.2023809552192688 
2,0.33761468529701233 0.15963302552700043 0.1321100890636444 0.19633027911186218 0.17431192100048065 
2,0.34810128808021545 0.16139240562915802 0.12341772764921188 0.13924050331115723 0.2278481125831604 
2,0.28176796436309814 0.15469613671302795 0.13812154531478882 0.11049724370241165 0.3149171471595764 
2,0.2391713708639145 0.23163841664791107 0.22410546243190765 0.1563088446855545 0.1487758904695511 
2,0.27934274077415466 0.2089201956987381 0.18309859931468964 0.1267605721950531 0.20187793672084808 
2,0.2052631676197052 0.24210527539253235 0.2684210538864136 0.1315789520740509 0.15263158082962036 
2,0.3360655605792999 0.20218577980995178 0.13114753365516663 0.1530054658651352 0.17759563028812408 
2,0.32710278034210205 0.17990653216838837 0.08644859492778778 0.19158877432346344 0.2149532586336136 
2,0.25555557012557983 0.2527777850627899 0.13611111044883728 0.16944444179534912 0.18611112236976624 
2,0.26968973875045776 0.2076372355222702 0.17661099135875702 0.15035800635814667 0.19570405781269073 
2,0.22701148688793182 0.23563218116760254 0.20114941895008087 0.16091954708099365 0.17528735101222992 
2,0.2986425459384918 0.16289593279361725 0.18552036583423615 0.2171945869922638 0.13574661314487457 
2,0.38131314516067505 0.1540404111146927 0.15656565129756927 0.12121212482452393 0.18686868250370026 
2,0.17123287916183472 0.19178082048892975 0.24657534062862396 0.15753424167633057 0.232876718044281 
2,0.29061782360076904 0.17620135843753815 0.20594964921474457 0.16475972533226013 0.16247138381004333 
2,0.3333333134651184 0.09219858050346375 0.10638297349214554 0.22340424358844757 0.24468083679676056 
2,0.3747323155403137 0.0942184180021286 0.1413276195526123 0.19914346933364868 0.1905781626701355 
2,0.30314961075782776 0.15748031437397003 0.15354330837726593 0.17322835326194763 0.21259842813014984 
2,0.21883656084537506 0.2548476457595825 0.20221605896949768 0.14681440591812134 0.1772853136062622 
2,0.3530534505844116 0.13167938590049744 0.12022900581359863 0.17175573110580444 0.22328244149684906 
2,0.2846889793872833 0.2631578743457794 0.16746410727500916 0.15550239384174347 0.12918660044670105 
2,0.2664092481136322 0.2046332061290741 0.1428571343421936 0.16988416016101837 0.21621620655059814 
2,0.18691587448120117 0.21962615847587585 0.25233644247055054 0.14018690586090088 0.20093457400798798 
2,0.3222591280937195 0.17607973515987396 0.1627907007932663 0.11960132420063019 0.21926909685134888 
2,0.3408748209476471 0.15837104618549347 0.13574661314487457 0.1312217265367508 0.23378582298755646 
2,0.35661765933036804 0.1875 0.1617647111415863 0.11764705926179886 0.1764705926179886 
2,0.2305084764957428 0.22033898532390594 0.17966102063655853 0.16610169410705566 0.20338982343673706 
2,0.2929292917251587 0.26767677068710327 0.18686868250370026 0.11616161465644836 0.13636364042758942 
2,0.29343628883361816 0.15444014966487885 0.2046332061290741 0.10038609802722931 0.2471042424440384 
2,0.19844357669353485 0.21011672914028168 0.24124513566493988 0.1595330685377121 0.1906614750623703 
3,0.30494505167007446 0.25 0.15934066474437714 0.12637363374233246 0.15934066474437714 
3,0.32019704580307007 0.17241379618644714 0.1625615805387497 0.1428571343421936 0.2019704431295395 
3,0.3288973271846771 0.11216729879379272 0.08174905180931091 0.2167300432920456 0.26045626401901245 
3,0.18719211220741272 0.3645320236682892 0.2019704431295395 0.10344827175140381 0.1428571343421936 
3,0.2801724076271057 0.2090517282485962 0.16163793206214905 0.16163793206214905 0.1875 
3,0.34838709235191345 0.10806451737880707 0.0903225764632225 0.22580644488334656 0.22741934657096863 
3,0.1913580298423767 0.2716049551963806 0.2530864179134369 0.10493826866149902 0.17901234328746796 
3,0.29773464798927307 0.16504855453968048 0.18122978508472443 0.13592232763767242 0.22006472945213318 
3,0.12857143580913544 0.30000001192092896 0.3499999940395355 0.1428571492433548 0.07857143133878708 
3,0.1865079402923584 0.1865079402923584 0.1388888955116272 0.1785714328289032 0.3095238208770752 
3,0.31511253118515015 0.2765273153781891 0.12540192902088165 0.12861736118793488 0.15434083342552185 
3,0.17041800916194916 0.23151125013828278 0.34726688265800476 0.12218649685382843 0.12861736118793488 
3,0.2358490526676178 0.2358490526676178 0.14150944352149963 0.16981132328510284 0.21698114275932312 
3,0.2949308753013611 0.21658986806869507 0.18663594126701355 0.11981566995382309 0.1820276528596878 
3,0.22560974955558777 0.24390242993831635 0.2073170691728592 0.18902438879013062 0.1341463327407837 
3,0.24528300762176514 0.2830188572406769 0.1949685513973236 0.07547169923782349 0.2012578547000885 
