1,0.1587301641702652 0.2936508059501648 0.1825396865606308 0.1428571492433548 0.222222238779068 
1,0.18076923489570618 0.36153846979141235 0.16538462042808533 0.13076923787593842 0.16153846681118011 
1,0.36036038398742676 0.14714714884757996 0.12312312424182892 0.09009009599685669 0.27927929162979126 
1,0.17553190886974335 0.3297872245311737 0.21276594698429108 0.10638297349214554 0.17553190886974335 
1,0.21693120896816254 0.28042328357696533 0.2063491940498352 0.13227513432502747 0.16402116417884827 
1,0.2816901206970215 0.152112677693367 0.13239435851573944 0.2028168886899948 0.23098590970039368 
1,0.2290748804807663 0.23348017036914825 0.2070484459400177 0.1409691572189331 0.18942730128765106 
1,0.11627906560897827 0.3372093141078949 0.1744185984134674 0.151162788271904 0.22093023359775543 
1,0.2222222238779068 0.21072795987129211 0.18007662892341614 0.19157087802886963 0.19540229439735413 
1,0.25471699237823486 0.3113207519054413 0.1603773534297943 0.14150944352149963 0.1320754736661911 
1,0.20734907686710358 0.2178477644920349 0.24934382736682892 0.11023622006177902 0.21522310376167297 
1,0.25 0.2767857313156128 0.1696428656578064 0.15625 0.1473214328289032 
1,0.3108614385128021 0.2921348214149475 0.10486891865730286 0.12359550595283508 0.16853933036327362 
1,0.2619718313217163 0.22253520786762238 0.22253520786762238 0.15774647891521454 0.1352112591266632 
1,0.2019704431295395 0.2019704431295395 0.27093595266342163 0.11822660267353058 0.20689654350280762 
1,0.19337017834186554 0.2707182466983795 0.18232044577598572 0.18784530460834503 0.16574586927890778 
1,0.3012048006057739 0.24096384644508362 0.12048192322254181 0.172690749168396 0.16465863585472107 
1,0.2368421107530594 0.35087719559669495 0.2017543911933899 0.08771929889917374 0.12280701845884323 
1,0.2568306028842926 0.24863387644290924 0.215846985578537 0.10109288990497589 0.17759563028812408 
1,0.21967212855815887 0.19672131538391113 0.2918032705783844 0.10819672048091888 0.1836065649986267 
1,0.3449612259864807 0.19767442345619202 0.11240310221910477 0.1744185984134674 0.1705426275730133 
1,0.18110236525535583 0.25196850299835205 0.29133859276771545 0.07086613774299622 0.20472440123558044 
1,0.22477063536643982 0.2889908254146576 0.1376146674156189 0.14220182597637177 0.20642201602458954 
1,0.18292681872844696 0.2499999850988388 0.15853658318519592 0.21341462433338165 0.19512194395065308 
1,0.23469386994838715 0.2908163070678711 0.18367347121238708 0.10204081237316132 0.18877550959587097 
1,0.21568627655506134 0.21568627655506134 0.2549019753932953 0.12745098769664764 0.18627451360225677 
1,0.2304832637310028 0.24163568019866943 0.20074349641799927 0.13754646480083466 0.18959107995033264 
1,0.2614840865135193 0.16961130499839783 0.16961130499839783 0.14487633109092712 0.25441697239875793 
1,0.1875 0.296875 0.2447916716337204 0.1197916716337204 0.1510416716337204 
1,0.22543352842330933 0.20520231127738953 0.19653178751468658 0.15028901398181915 0.22254334390163422 
1,0.2669491469860077 0.20338982343673706 0.22033898532390594 0.15677966177463531 0.1525423675775528 
1,0.24723248183727264 0.21033211052417755 0.19188192486763 0.15867158770561218 0.19188192486763 
1,0.14915254712104797 0.2711864411830902 0.345762699842453 0.08813559263944626 0.14576271176338196 
1,0.1731843501329422 0.31284916400909424 0.21229049563407898 0.1508379876613617 0.1508379876613617 
1,0.2145593762397766 0.3180076479911804 0.2183907926082611 0.1072796881198883 0.14176245033740997 
1,0.1267605572938919 0.34507042169570923 0.2535211145877838 0.14084506034851074 0.13380281627178192 
1,0.21782177686691284 0.20792078971862793 0.22772276401519775 0.15841583907604218 0.1881188154220581 
1,0.19583334028720856 0.2750000059604645 0.25416669249534607 0.14166668057441711 0.13333334028720856 
1,0.3076923191547394 0.23076923191547394 0.13846154510974884 0.11794871836900711 0.20512820780277252 
1,0.2631579041481018 0.19005848467350006 0.21345029771327972 0.13742689788341522 0.19590643048286438 
1,0.18565399944782257 0.3037974536418915 0.2067510485649109 0.13080167770385742 0.17299577593803406 
1,0.22641509771347046 0.2358490526676178 0.2216981202363968 0.13679245114326477 0.17924529314041138 
1,0.2490566074848175 0.29056602716445923 0.17358490824699402 0.1018867939710617 0.18490566313266754 
1,0.22539682686328888 0.27936509251594543 0.20000000298023224 0.15238095819950104 0.1428571492433548 
1,0.2573099434375763 0.2514619827270508 0.1257309913635254 0.16081871092319489 0.20467835664749146 
1,0.23963133990764618 0.2211981564760208 0.1658986210823059 0.18433180451393127 0.18894009292125702 
1,0.21637427806854248 0.292397677898407 0.24561403691768646 0.12865497171878815 0.11695906519889832 
1,0.2153846174478531 0.4307692348957062 0.2153846174478531 0.0615384615957737 0.07692307978868484 
1,0.2602739930152893 0.22739726305007935 0.17534247040748596 0.18356165289878845 0.15342466533184052 
1,0.17587938904762268 0.2261306494474411 0.2261306494474411 0.12562814354896545 0.24623115360736847 
