3,0.24561403691768646 0.2982456088066101 0.14035087823867798 0.15789473056793213 0.15789473056793213 
3,0.20085470378398895 0.3290598392486572 0.23076924681663513 0.11965812742710114 0.11965812742710114 
3,0.2321428656578064 0.2470238208770752 0.2172619104385376 0.1517857164144516 0.1517857164144516 
3,0.26037734746932983 0.24150943756103516 0.24150943756103516 0.12075471878051758 0.13584905862808228 
3,0.125 0.3486842215061188 0.30263158679008484 0.09210526198148727 0.1315789520740509 
3,0.268398255109787 0.2554112672805786 0.16017316281795502 0.12987013161182404 0.18614718317985535 
3,0.25438597798347473 0.1666666716337204 0.15570175647735596 0.1666666716337204 0.2565789520740509 
3,0.28278687596321106 0.16393440961837769 0.1454917937517166 0.20696720480918884 0.20081965625286102 
3,0.20080320537090302 0.293172687292099 0.22891566157341003 0.08433734625577927 0.1927710771560669 
3,0.2199999988079071 0.2666666805744171 0.20666667819023132 0.13333334028720856 0.1733333319425583 
3,0.2616580128669739 0.16321243345737457 0.16839377582073212 0.1787564754486084 0.22797927260398865 
3,0.1485714316368103 0.34857141971588135 0.3142857253551483 0.09142857044935226 0.09714285284280777 
3,0.25600001215934753 0.20000000298023224 0.12400000542402267 0.20000000298023224 0.2200000137090683 
3,0.31343284249305725 0.22089552879333496 0.15522387623786926 0.11343283951282501 0.1970149278640747 
3,0.16455696523189545 0.297468364238739 0.297468364238739 0.08860759437084198 0.15189874172210693 
3,0.19369369745254517 0.2657657861709595 0.1621621698141098 0.14414414763450623 0.23423424363136292 
3,0.23245614767074585 0.320175439119339 0.19298246502876282 0.10526315867900848 0.14912280440330505 
3,0.08588957041501999 0.44785276055336 0.3558282256126404 0.05521472170948982 0.05521472170948982 
3,0.2952646315097809 0.17827297747135162 0.13370473682880402 0.16155987977981567 0.2311977744102478 
3,0.393464058637619 0.08104575425386429 0.06928104907274246 0.22875817120075226 0.22745098173618317 
3,0.29378530383110046 0.1977401077747345 0.14124293625354767 0.1807909607887268 0.18644067645072937 
3,0.31607627868652344 0.1117166206240654 0.13623978197574615 0.18528610467910767 0.25068119168281555 
3,0.2415458858013153 0.2801932394504547 0.17874395847320557 0.14492753148078918 0.15458936989307404 
3,0.2568807303905487 0.2538226246833801 0.214067280292511 0.1070336401462555 0.1681957244873047 
3,0.15555554628372192 0.31111109256744385 0.29629629850387573 0.08888888359069824 0.14814814925193787 
3,0.28823530673980713 0.1882352977991104 0.20000000298023224 0.1352941244840622 0.1882352977991104 
3,0.23115578293800354 0.2613065242767334 0.24120602011680603 0.12562814354896545 0.14070351421833038 
3,0.28798186779022217 0.19954648613929749 0.1496598720550537 0.15646257996559143 0.2063492089509964 
3,0.2914285659790039 0.16571427881717682 0.16857142746448517 0.17428570985794067 0.20000000298023224 
3,0.27067670226097107 0.22180451452732086 0.2030075192451477 0.12406015396118164 0.18045112490653992 
3,0.11290322244167328 0.35483869910240173 0.22580644488334656 0.12903225421905518 0.17741934955120087 
3,0.2566666603088379 0.2433333396911621 0.18333333730697632 0.10999999940395355 0.20666667819023132 
3,0.2606382966041565 0.27925530076026917 0.1808510571718216 0.14095744490623474 0.13829787075519562 
3,0.3090277910232544 0.1944444477558136 0.1944444477558136 0.118055559694767 0.1840277761220932 
3,0.19758063554763794 0.24596773087978363 0.29032257199287415 0.13306450843811035 0.13306450843811035 
3,0.3333333432674408 0.21014492213726044 0.11594203114509583 0.17874395847320557 0.16183574497699738 
3,0.34517765045166016 0.14720812439918518 0.11675126850605011 0.15228426456451416 0.2385786771774292 
3,0.19217081367969513 0.2277580052614212 0.18505337834358215 0.18149465322494507 0.21352313458919525 
3,0.20618556439876556 0.22680412232875824 0.1855670064687729 0.19072164595127106 0.19072164595127106 
3,0.2916666567325592 0.2118055522441864 0.1284722238779068 0.1666666716337204 0.2013888955116272 
3,0.190476194024086 0.41558441519737244 0.13852813839912415 0.11255411058664322 0.1428571492433548 
3,0.2809523940086365 0.23333334922790527 0.17142857611179352 0.1190476268529892 0.19523809850215912 
3,0.328000009059906 0.23600001633167267 0.18800000846385956 0.11600000411272049 0.13199999928474426 
3,0.2083333432674408 0.38333335518836975 0.24166667461395264 0.09166666865348816 0.07500000298023224 
3,0.31865283846855164 0.21243523061275482 0.13730569183826447 0.1424870491027832 0.1891191601753235 
3,0.3506261110305786 0.1717352420091629 0.12164579331874847 0.1806797832250595 0.1753130555152893 
3,0.22979797422885895 0.19949494302272797 0.2601010203361511 0.14646464586257935 0.16414141654968262 
3,0.3296501040458679 0.16022099554538727 0.1178637221455574 0.18232044577598572 0.20994475483894348 
3,0.2620481848716736 0.22289155423641205 0.17168673872947693 0.15662649273872375 0.1867469847202301 
3,0.19672130048274994 0.24590162932872772 0.2185792326927185 0.17486338317394257 0.16393442451953888 
