3,0.40572795271873474 0.1217183843255043 0.12887828052043915 0.14558473229408264 0.19809070229530334 
3,0.18454936146736145 0.2660944163799286 0.3390558063983917 0.09012875705957413 0.1201716735959053 
3,0.2247191071510315 0.2893258333206177 0.1994381994009018 0.10955056548118591 0.17696629464626312 
3,0.21364985406398773 0.2640949487686157 0.17507418990135193 0.15133531391620636 0.19584569334983826 
3,0.2909699082374573 0.20066890120506287 0.10702341049909592 0.19397993385791779 0.20735785365104675 
3,0.3187347948551178 0.16545012593269348 0.14598539471626282 0.15085157752037048 0.21897810697555542 
3,0.29499998688697815 0.2449999898672104 0.23999999463558197 0.10999999940395355 0.10999999940395355 
3,0.2693498432636261 0.22910216450691223 0.20123837888240814 0.14551083743572235 0.15479876101016998 
3,0.24000000953674316 0.17777778208255768 0.19111111760139465 0.2222222238779068 0.1688888967037201 
3,0.24719101190567017 0.2996254563331604 0.15355806052684784 0.1498127281665802 0.1498127281665802 
3,0.36942675709724426 0.15923567116260529 0.21019108593463898 0.07006369531154633 0.19108280539512634 
3,0.3684210479259491 0.13019390404224396 0.06925207376480103 0.1855955570936203 0.24653738737106323 
3,0.23626373708248138 0.16483516991138458 0.25824177265167236 0.18131868541240692 0.15934066474437714 
3,0.30978262424468994 0.21739131212234497 0.14945653080940247 0.17391304671764374 0.14945653080940247 
4,0.3741339445114136 0.19861431419849396 0.07390300184488297 0.15473440289497375 0.19861431419849396 
4,0.45646440982818604 0.11609499156475067 0.06332454085350037 0.14775726199150085 0.21635884046554565 
4,0.3165048658847809 0.2330097109079361 0.11844660341739655 0.1533980667591095 0.17864078283309937 
4,0.28333333134651184 0.1878787875175476 0.145454540848732 0.19999998807907104 0.18333332240581512 
4,0.3816884756088257 0.1307966709136963 0.05588584765791893 0.20689654350280762 0.22473245859146118 
4,0.3047034740447998 0.21676890552043915 0.11860940605401993 0.16768915951251984 0.1922290325164795 
4,0.30837002396583557 0.2070484459400177 0.2070484459400177 0.12334801256656647 0.15418501198291779 
4,0.38138139247894287 0.13963964581489563 0.1411411464214325 0.15615615248680115 0.18168169260025024 
4,0.2763157784938812 0.2368421107530594 0.1666666716337204 0.13596491515636444 0.18421052396297455 
4,0.2301255166530609 0.2970711290836334 0.20502091944217682 0.15062761306762695 0.1171548068523407 
4,0.2809523940086365 0.2809523940086365 0.13333334028720856 0.12857143580913544 0.17619048058986664 
4,0.27462688088417053 0.23582090437412262 0.20298507809638977 0.12238805741071701 0.16417910158634186 
4,0.3121212124824524 0.23333331942558289 0.12424241751432419 0.18484847247600555 0.145454540848732 
4,0.39814814925193787 0.1358024775981903 0.09259259700775146 0.21604938805103302 0.15740740299224854 
4,0.339712917804718 0.21052630245685577 0.09569377452135086 0.16267941892147064 0.19138754904270172 
4,0.3684210479259491 0.15789474546909332 0.07518797367811203 0.18421052396297455 0.2142857164144516 
4,0.28837209939956665 0.2186046540737152 0.12325581163167953 0.16046512126922607 0.20930232107639313 
4,0.34539473056793213 0.1381578892469406 0.1381578892469406 0.1809210479259491 0.19736842811107635 
4,0.3564155101776123 0.1405295431613922 0.10794297605752945 0.1975560188293457 0.1975560188293457 
4,0.31102362275123596 0.18110236525535583 0.11417322605848312 0.18897637724876404 0.20472440123558044 
4,0.3653543293476105 0.16062992811203003 0.09921260178089142 0.18267716467380524 0.19212597608566284 
4,0.2935153543949127 0.16382251679897308 0.2184300273656845 0.11945392191410065 0.20477814972400665 
4,0.2568306028842926 0.18579234182834625 0.17759563028812408 0.19398906826972961 0.18579234182834625 
4,0.3373016119003296 0.1944444626569748 0.130952388048172 0.1488095372915268 0.1884920746088028 
4,0.2857142686843872 0.23645320534706116 0.15763546526432037 0.15270934998989105 0.16748768091201782 
4,0.3410595953464508 0.1754966825246811 0.1589404046535492 0.1754966825246811 0.14900662004947662 
4,0.3630952537059784 0.130952388048172 0.1329365223646164 0.1924603283405304 0.1805555671453476 
4,0.37559807300567627 0.14114831387996674 0.10765549540519714 0.2033492773771286 0.17224879562854767 
4,0.2805194854736328 0.20000000298023224 0.19480518996715546 0.17402596771717072 0.15064935386180878 
4,0.3333333432674408 0.14373089373111725 0.11009174585342407 0.21712538599967957 0.1957186609506607 
4,0.3002113997936249 0.2431289553642273 0.10570824146270752 0.15856236219406128 0.19238899648189545 
4,0.3736059367656708 0.17100371420383453 0.07992564886808395 0.17100371420383453 0.2044609636068344 
4,0.3949704170227051 0.10798816382884979 0.07692307978868484 0.18047337234020233 0.23964497447013855 
4,0.20183485746383667 0.3899082541465759 0.19266054034233093 0.08715596050024033 0.12844036519527435 
4,0.38461539149284363 0.29487180709838867 0.10470086336135864 0.08547008782625198 0.13034188747406006 
4,0.4213836193084717 0.09433961659669876 0.069182388484478 0.1949685513973236 0.22012577950954437 
