1,0.20610687136650085 0.2748091518878937 0.16030535101890564 0.10687022656202316 0.25190839171409607 
1,0.13973799347877502 0.2925764322280884 0.2663755416870117 0.10043668001890182 0.20087336003780365 
1,0.10619468986988068 0.39823007583618164 0.2654867172241211 0.08849557489156723 0.14159291982650757 
1,0.2158273458480835 0.2517985701560974 0.16187050938606262 0.15467625856399536 0.2158273458480835 
2,0.18897637724876404 0.22834645211696625 0.25196850299835205 0.16929133236408234 0.16141732037067413 
2,0.3705650269985199 0.1077529564499855 0.1195794939994812 0.1721419095993042 0.2299605756998062 
2,0.4732937514781952 0.05341246351599693 0.054896142333745956 0.1023738831281662 0.31602373719215393 
2,0.2982456088066101 0.21247562766075134 0.1812865436077118 0.14814814925193787 0.1598440557718277 
2,0.2531120479106903 0.24066391587257385 0.1825726181268692 0.09543568640947342 0.2282157838344574 
2,0.32218846678733826 0.17325228452682495 0.12158054858446121 0.1428571492433548 0.24012158811092377 
2,0.3137255012989044 0.2196078598499298 0.2196078598499298 0.11372549831867218 0.13333334028720856 
2,0.35438597202301025 0.15789474546909332 0.14035087823867798 0.15438596904277802 0.19298246502876282 
2,0.242990642786026 0.14953270554542542 0.3457943797111511 0.13084112107753754 0.13084112107753754 
2,0.2750000059604645 0.17000000178813934 0.2449999898672104 0.10999999940395355 0.19999998807907104 
2,0.23741008341312408 0.28776979446411133 0.2589928209781647 0.10071942955255508 0.11510791629552841 
2,0.3752151429653168 0.16179001331329346 0.0550774522125721 0.1703958660364151 0.23752151429653168 
2,0.2085561603307724 0.24598930776119232 0.2139037549495697 0.12834224104881287 0.2032085657119751 
2,0.33734938502311707 0.1807228922843933 0.048192769289016724 0.22891566157341003 0.20481926202774048 
2,0.2625698149204254 0.20670390129089355 0.1955307275056839 0.1508379876613617 0.18435753881931305 
2,0.2530120611190796 0.2072289139032364 0.14698795974254608 0.18313252925872803 0.2096385657787323 
2,0.22602739930152893 0.28082191944122314 0.19178082048892975 0.18493150174617767 0.1164383590221405 
2,0.4457831382751465 0.09397590905427933 0.04337349534034729 0.1807228922843933 0.23614458739757538 
2,0.324210524559021 0.15157893300056458 0.1347368359565735 0.19578947126865387 0.19368420541286469 
2,0.2233009785413742 0.20873786509037018 0.2572815418243408 0.13592232763767242 0.17475728690624237 
2,0.23346303403377533 0.18677042424678802 0.22957198321819305 0.143968865275383 0.2062256783246994 
2,0.26923078298568726 0.1666666716337204 0.12820513546466827 0.22435897588729858 0.21153846383094788 
2,0.24423962831497192 0.13824884593486786 0.21198156476020813 0.18894009292125702 0.21658986806869507 
2,0.3153153359889984 0.1831831932067871 0.11711712181568146 0.18618619441986084 0.19819819927215576 
2,0.29133859276771545 0.25984251499176025 0.22047244012355804 0.11023622006177902 0.11811023950576782 
2,0.3229166865348816 0.1953125 0.1328125 0.171875 0.1770833432674408 
2,0.32022473216056824 0.13764044642448425 0.12359550595283508 0.16853933036327362 0.25 
2,0.25668448209762573 0.17914438247680664 0.2032085657119751 0.1256684511899948 0.23529411852359772 
2,0.2899022698402405 0.15309445559978485 0.1726384311914444 0.17589576542377472 0.20846904814243317 
2,0.28883495926856995 0.13349515199661255 0.14077669382095337 0.19417476654052734 0.24271844327449799 
2,0.31904762983322144 0.25 0.16428571939468384 0.09761904925107956 0.16904762387275696 
2,0.2589285969734192 0.25 0.2142857313156128 0.1205357164144516 0.15625 
2,0.302325576543808 0.17209301888942719 0.24651162326335907 0.08837209641933441 0.19069766998291016 
2,0.33230769634246826 0.15076923370361328 0.11076922714710236 0.20307692885398865 0.20307692885398865 
2,0.1904761791229248 0.3015872836112976 0.23280422389507294 0.11640211194753647 0.158730149269104 
2,0.3316708207130432 0.2069825530052185 0.15960100293159485 0.1521197110414505 0.14962594211101532 
2,0.25498008728027344 0.21115538477897644 0.14741036295890808 0.17131474614143372 0.2151394486427307 
2,0.25357142090797424 0.20000000298023224 0.21071428060531616 0.16785714030265808 0.16785714030265808 
2,0.3214285671710968 0.10357142984867096 0.17499999701976776 0.18214285373687744 0.21785713732242584 
2,0.3355855941772461 0.12162162363529205 0.13288289308547974 0.19594594836235046 0.21396397054195404 
2,0.24203822016716003 0.2738853693008423 0.2292993664741516 0.15923567116260529 0.09554140269756317 
2,0.272357702255249 0.23577234148979187 0.16260161995887756 0.14227642118930817 0.1869918704032898 
2,0.26829269528388977 0.2229965180158615 0.16027875244617462 0.17770035564899445 0.17073170840740204 
2,0.39279869198799133 0.10965630412101746 0.10965630412101746 0.17675940692424774 0.211129292845726 
2,0.3306451439857483 0.1854838728904724 0.12903225421905518 0.13709676265716553 0.2177419364452362 
2,0.35103243589401245 0.1032448410987854 0.1150442510843277 0.20058996975421906 0.2300885021686554 
