0,0.10493826866149902 0.20370370149612427 0.10030864179134369 0.2330246865749359 0.3580246865749359 
0,0.11578946560621262 0.21263156831264496 0.1621052622795105 0.22526314854621887 0.2842105031013489 
0,0.17142856121063232 0.23673468828201294 0.11020407825708389 0.1755101978778839 0.30612242221832275 
0,0.16194331645965576 0.15789474546909332 0.25506073236465454 0.23076923191547394 0.19433198869228363 
0,0.17407406866550446 0.1814814805984497 0.25925925374031067 0.14074073731899261 0.24444444477558136 
0,0.1457800567150116 0.16496163606643677 0.10485933721065521 0.22506393492221832 0.3593350350856781 
0,0.17934782803058624 0.1875 0.17119565606117249 0.16032609343528748 0.301630437374115 
0,0.19597989320755005 0.20603014528751373 0.12562814354896545 0.22110553085803986 0.2512562870979309 
0,0.15573769807815552 0.10655736923217773 0.46721309423446655 0.1147540956735611 0.15573769807815552 
0,0.16027875244617462 0.11846689879894257 0.16724738478660583 0.15331010520458221 0.40069687366485596 
0,0.10189573466777802 0.1895734667778015 0.18483412265777588 0.22748816013336182 0.29620853066444397 
0,0.1229773536324501 0.1877022683620453 0.2459547072649002 0.21682848036289215 0.22653722763061523 
0,0.1485319584608078 0.14335060119628906 0.1105354055762291 0.2227979302406311 0.37478411197662354 
0,0.18340611457824707 0.117903932929039 0.34934496879577637 0.1877729296684265 0.16157205402851105 
0,0.0935828909277916 0.2245989292860031 0.259358286857605 0.17379678785800934 0.24866311252117157 
0,0.2405063360929489 0.10443038493394852 0.3322784900665283 0.20253165066242218 0.12025316804647446 
0,0.12640449404716492 0.20224718749523163 0.19382022321224213 0.19662921130657196 0.2808988690376282 
0,0.1227080449461937 0.1918194741010666 0.09449929744005203 0.22425952553749084 0.3667137026786804 
0,0.20621469616889954 0.19491524994373322 0.24011299014091492 0.16101695597171783 0.1977401077747345 
0,0.1319018304347992 0.17177914083003998 0.20245398581027985 0.14417177438735962 0.349693238735199 
0,0.2295597344636917 0.17610062658786774 0.22012577950954437 0.17924527823925018 0.1949685513973236 
0,0.18214285373687744 0.13214285671710968 0.2607142925262451 0.22857142984867096 0.1964285671710968 
0,0.21486268937587738 0.11308562755584717 0.1583198755979538 0.2827140688896179 0.23101778328418732 
0,0.11660777777433395 0.18727914988994598 0.32508835196495056 0.2226148396730423 0.1484098881483078 
1,0.16571427881717682 0.08571428805589676 0.4057142734527588 0.1485714316368103 0.19428570568561554 
1,0.09764309227466583 0.1750841736793518 0.2760942578315735 0.1986531913280487 0.2525252401828766 
1,0.19523809850215912 0.11428572237491608 0.3333333432674408 0.2380952537059784 0.1190476268529892 
1,0.2130325734615326 0.1077694222331047 0.30325815081596375 0.16040100157260895 0.2155388444662094 
1,0.2788461744785309 0.14903846383094788 0.2211538553237915 0.16346155107021332 0.1875 
1,0.15668202936649323 0.20967741310596466 0.17972350120544434 0.1981566846370697 0.2557603716850281 
1,0.20689654350280762 0.125 0.2801724076271057 0.20689654350280762 0.18103447556495667 
1,0.2732558250427246 0.11046511679887772 0.2645348906517029 0.20930232107639313 0.14244185388088226 
1,0.19692307710647583 0.1538461595773697 0.25846153497695923 0.20615383982658386 0.1846153885126114 
1,0.17760618031024933 0.14671814441680908 0.23938223719596863 0.1853281855583191 0.2509652376174927 
1,0.19649122655391693 0.11929824948310852 0.3368421196937561 0.1824561506509781 0.16491228342056274 
1,0.20245398581027985 0.10429447889328003 0.47239261865615845 0.11656441539525986 0.10429447889328003 
1,0.17299577593803406 0.13502109050750732 0.28691983222961426 0.18987341225147247 0.2151898592710495 
1,0.34131738543510437 0.053892217576503754 0.2514970302581787 0.2634730637073517 0.08982036262750626 
1,0.20627804100513458 0.12556055188179016 0.2600896954536438 0.14798207581043243 0.2600896954536438 
1,0.2774566411972046 0.05202312022447586 0.43352600932121277 0.12716762721538544 0.10982658714056015 
1,0.23225806653499603 0.0903225764632225 0.4000000059604645 0.19032257795333862 0.08709677308797836 
1,0.26229506731033325 0.14754097163677216 0.2049180269241333 0.17213113605976105 0.21311473846435547 
1,0.17175573110580444 0.08396946638822556 0.41603052616119385 0.14122137427330017 0.18702289462089539 
1,0.18834081292152405 0.08968610316514969 0.39910316467285156 0.13901345431804657 0.1838565170764923 
1,0.21511627733707428 0.09883721172809601 0.2732558250427246 0.22674418985843658 0.1860465109348297 
1,0.2109375 0.1875 0.14453125 0.2421875 0.21484375 
1,0.18238992989063263 0.08805031329393387 0.45283016562461853 0.10062892735004425 0.17610062658786774 
1,0.21111111342906952 0.10000000149011612 0.23333333432674408 0.2222222238779068 0.23333333432674408 
1,0.2460317611694336 0.0952381044626236 0.2579365372657776 0.2261904925107956 0.1746031790971756 
1,0.19900497794151306 0.15174129605293274 0.21641790866851807 0.21144278347492218 0.22139303386211395 
