0,0.3096774220466614 0.11612903326749802 0.2129032164812088 0.26451611518859863 0.09677419066429138 
0,0.09127788990736008 0.15415820479393005 0.1967545598745346 0.19066937267780304 0.3671399652957916 
0,0.10869565606117249 0.17391304671764374 0.3550724685192108 0.17391304671764374 0.18840579688549042 
0,0.09427609294652939 0.1666666567325592 0.13299663364887238 0.19191919267177582 0.4141414165496826 
0,0.16363635659217834 0.17272727191448212 0.21515150368213654 0.20909090340137482 0.2393939346075058 
0,0.0773809552192688 0.121031753718853 0.20238097012043 0.1805555671453476 0.4186508059501648 
0,0.18731987476348877 0.17002882063388824 0.1354466825723648 0.29971179366111755 0.20749278366565704 
0,0.1297297328710556 0.14864864945411682 0.2594594657421112 0.1918918937444687 0.27027028799057007 
0,0.1867469847202301 0.20281124114990234 0.1465863436460495 0.1867469847202301 0.27710843086242676 
0,0.13013698160648346 0.14726027846336365 0.24657534062862396 0.19863013923168182 0.2773972451686859 
0,0.06122449040412903 0.09183673560619354 0.6530612111091614 0.12244898080825806 0.0714285671710968 
0,0.1473214328289032 0.1919642984867096 0.2410714328289032 0.1919642984867096 0.227678582072258 
0,0.11864406615495682 0.18926553428173065 0.13276836276054382 0.28248587250709534 0.2768361568450928 
0,0.1367521435022354 0.0683760717511177 0.5897436141967773 0.04273504391312599 0.16239316761493683 
0,0.04414261505007744 0.20033955574035645 0.17826825380325317 0.19864177703857422 0.3786078095436096 
0,0.11666667461395264 0.10833334177732468 0.5333333611488342 0.15833334624767303 0.0833333358168602 
0,0.09421487897634506 0.2016528993844986 0.21157024800777435 0.1900826394557953 0.3024793267250061 
0,0.1066666692495346 0.18333333730697632 0.33000001311302185 0.1366666704416275 0.2433333396911621 
0,0.1508152186870575 0.20108695328235626 0.12228260934352875 0.22282609343528748 0.30298912525177 
0,0.11764705926179886 0.18282988667488098 0.11923688650131226 0.19713832437992096 0.38314786553382874 
0,0.1666666716337204 0.23198199272155762 0.13288289308547974 0.21171171963214874 0.2567567527294159 
0,0.208695650100708 0.16521738469600677 0.2869565188884735 0.22608694434165955 0.11304347217082977 
0,0.1291079819202423 0.19483567774295807 0.21596243977546692 0.1619718372821808 0.2981220781803131 
0,0.15112540125846863 0.14469453692436218 0.11254019290208817 0.24437299370765686 0.34726688265800476 
0,0.14211887121200562 0.14728683233261108 0.2583979368209839 0.21188631653785706 0.24031008780002594 
0,0.08088235557079315 0.13235294818878174 0.29411765933036804 0.25 0.24264706671237946 
0,0.158273383975029 0.10791367292404175 0.3093525171279907 0.19064748287200928 0.23381295800209045 
0,0.11622276902198792 0.17917676270008087 0.21307507157325745 0.22518160939216614 0.2663438320159912 
0,0.06273764371871948 0.17870722711086273 0.12547528743743896 0.21863117814064026 0.41444867849349976 
0,0.14868804812431335 0.15160350501537323 0.19825074076652527 0.233236163854599 0.26822158694267273 
0,0.15217392146587372 0.1677018702030182 0.1677018702030182 0.2763975262641907 0.2360248565673828 
0,0.19696968793869019 0.19393938779830933 0.1818181723356247 0.1818181723356247 0.24545453488826752 
0,0.16011236608028412 0.14606741070747375 0.10955056548118591 0.22191011905670166 0.36235955357551575 
0,0.09933774918317795 0.17218543589115143 0.28145694732666016 0.21854305267333984 0.22847682237625122 
0,0.10787172615528107 0.20116618275642395 0.21282799541950226 0.27696794271469116 0.20116618275642395 
0,0.1506849229335785 0.19765165448188782 0.21135029196739197 0.16242662072181702 0.2778865098953247 
0,0.23134328424930573 0.08208955079317093 0.45522385835647583 0.11940298229455948 0.11194029450416565 
0,0.10948905348777771 0.18248175084590912 0.20437955856323242 0.19343066215515137 0.3102189898490906 
0,0.1755101978778839 0.1428571343421936 0.23265305161476135 0.27346938848495483 0.1755101978778839 
0,0.12562814354896545 0.12562814354896545 0.23618090152740479 0.20603014528751373 0.3065326511859894 
0,0.12967582046985626 0.1521197110414505 0.3067331910133362 0.17456360161304474 0.2369077354669571 
0,0.0731399729847908 0.18158890306949615 0.0365699864923954 0.1778057962656021 0.5308953523635864 
0,0.13502109050750732 0.16455695033073425 0.27848100662231445 0.227848082780838 0.19409281015396118 
0,0.029411766678094864 0.25630253553390503 0.15546219050884247 0.2857142984867096 0.2731092572212219 
0,0.13953489065170288 0.09302325546741486 0.44186046719551086 0.20930232107639313 0.11627906560897827 
0,0.08181817829608917 0.19999998807907104 0.37272727489471436 0.145454540848732 0.19999998807907104 
0,0.1071428656578064 0.1587301641702652 0.3650793731212616 0.1269841343164444 0.242063507437706 
0,0.22162163257598877 0.17297297716140747 0.27027028799057007 0.20540541410446167 0.1297297328710556 
0,0.23863637447357178 0.15909090638160706 0.3181818127632141 0.14772728085517883 0.13636364042758942 
0,0.029126213863492012 0.2572815418243408 0.10194174945354462 0.3555825352668762 0.2560679614543915 
