3,0.21052631735801697 0.08771929889917374 0.2982456088066101 0.22807016968727112 0.17543859779834747 
3,0.16239316761493683 0.11538462340831757 0.4401709735393524 0.1538461595773697 0.12820513546466827 
3,0.1488095223903656 0.095238097012043 0.3452380895614624 0.1994047611951828 0.2113095223903656 
3,0.18490566313266754 0.1320754736661911 0.3396226465702057 0.1924528330564499 0.15094339847564697 
3,0.1381578892469406 0.09868421405553818 0.4802631735801697 0.1184210553765297 0.16447368264198303 
3,0.08658008277416229 0.18614718317985535 0.2943722903728485 0.16883116960525513 0.26406925916671753 
3,0.17543859779834747 0.13596491515636444 0.21929824352264404 0.16885964572429657 0.30043861269950867 
3,0.18647539615631104 0.17622949182987213 0.2049180269241333 0.16598360240459442 0.26639342308044434 
3,0.28915661573410034 0.09638553857803345 0.33734938502311707 0.19678714871406555 0.0803212821483612 
3,0.20666667819023132 0.12000000476837158 0.29666668176651 0.18000000715255737 0.1966666728258133 
3,0.18393781781196594 0.16321243345737457 0.23056994378566742 0.16321243345737457 0.2590673565864563 
3,0.1371428519487381 0.07999999821186066 0.5371428728103638 0.11999999731779099 0.1257142871618271 
3,0.18400001525878906 0.14000000059604645 0.23600001633167267 0.18400001525878906 0.25600001215934753 
3,0.17014925181865692 0.10746268928050995 0.2805970311164856 0.27761194109916687 0.16417910158634186 
3,0.08860759437084198 0.10759493708610535 0.4556962251663208 0.12025316804647446 0.2278481125831604 
3,0.2522522509098053 0.11261261254549026 0.31081080436706543 0.12612612545490265 0.19819819927215576 
3,0.14473684132099152 0.10964912176132202 0.38596493005752563 0.18421052396297455 0.17543859779834747 
3,0.10429447889328003 0.05521472170948982 0.6871165633201599 0.0920245349407196 0.061349689960479736 
3,0.20055709779262543 0.13370473682880402 0.21169915795326233 0.2089136391878128 0.24512533843517303 
3,0.11241830140352249 0.2065359503030777 0.0941176488995552 0.22745098173618317 0.35947713255882263 
3,0.22033898532390594 0.11299435049295425 0.2259887009859085 0.23728813230991364 0.20338982343673706 
3,0.19346049427986145 0.14986376464366913 0.14713896811008453 0.21253405511379242 0.29700273275375366 
3,0.10386472940444946 0.13526569306850433 0.33816424012184143 0.19806763529777527 0.22463767230510712 
3,0.22018349170684814 0.15596330165863037 0.2996942102909088 0.15902140736579895 0.1651376187801361 
3,0.2222222238779068 0.11851851642131805 0.45185184478759766 0.10370370000600815 0.10370370000600815 
3,0.19411765038967133 0.10000000149011612 0.25882354378700256 0.23529411852359772 0.21176470816135406 
3,0.18090452253818512 0.13567839562892914 0.356783926486969 0.17085427045822144 0.1557788997888565 
3,0.15646257996559143 0.17233560979366302 0.22675737738609314 0.19501134753227234 0.24943311512470245 
3,0.14571428298950195 0.17142857611179352 0.2257142812013626 0.17428570985794067 0.28285714983940125 
3,0.12406015396118164 0.15037594735622406 0.33082708716392517 0.17293234169483185 0.22180451452732086 
3,0.12903225421905518 0.06451612710952759 0.4838709533214569 0.08064515888690948 0.24193547666072845 
3,0.1733333319425583 0.1366666704416275 0.30000001192092896 0.18333333730697632 0.20666667819023132 
3,0.15691488981246948 0.1356382966041565 0.3058510422706604 0.20212765038013458 0.19946807622909546 
3,0.1319444477558136 0.1666666716337204 0.3090277910232544 0.1909722238779068 0.2013888955116272 
3,0.2177419364452362 0.08870967477560043 0.3870967626571655 0.15322580933570862 0.15322580933570862 
3,0.11835748702287674 0.2222222238779068 0.2198067605495453 0.19082126021385193 0.24879226088523865 
3,0.2385786771774292 0.15736040472984314 0.16243654489517212 0.23350253701210022 0.20812182128429413 
3,0.2918149530887604 0.1138790026307106 0.2918149530887604 0.12099643796682358 0.18149465322494507 
3,0.1494845300912857 0.1649484485387802 0.29381442070007324 0.10824742168188095 0.2835051417350769 
3,0.1805555522441864 0.1493055522441864 0.1770833283662796 0.21875 0.2743055522441864 
3,0.1428571492433548 0.11688311398029327 0.4285714328289032 0.1515151560306549 0.16017316281795502 
3,0.14761905372142792 0.15714286267757416 0.2857142984867096 0.22380952537059784 0.18571428954601288 
3,0.1600000113248825 0.13600000739097595 0.30400002002716064 0.25600001215934753 0.14400000870227814 
3,0.0833333358168602 0.15000000596046448 0.5250000357627869 0.10000000894069672 0.14166668057441711 
3,0.1347150206565857 0.15025906264781952 0.21243523061275482 0.25388601422309875 0.24870465695858002 
3,0.13416814804077148 0.1627907007932663 0.21645796298980713 0.23613595962524414 0.25044721364974976 
3,0.1818181872367859 0.12121212482452393 0.34090909361839294 0.16161616146564484 0.1944444477558136 
3,0.12338858097791672 0.19705341756343842 0.16022099554538727 0.19521178305149078 0.3241252303123474 
3,0.15662649273872375 0.12048192322254181 0.24096384644508362 0.2560240924358368 0.22590360045433044 
3,0.21311475336551666 0.08743169158697128 0.33879780769348145 0.19672130048274994 0.16393442451953888 
