1,0.221374049782753 0.13740457594394684 0.22900763154029846 0.21374045312404633 0.19847328960895538 
1,0.32751092314720154 0.034934498369693756 0.3056768476963043 0.22707423567771912 0.10480349510908127 
1,0.1592920422554016 0.06194690242409706 0.5221238732337952 0.13274335861206055 0.12389380484819412 
1,0.25539568066596985 0.1474820226430893 0.26978418231010437 0.158273383975029 0.1690647453069687 
2,0.22834645211696625 0.11023622006177902 0.3700787425041199 0.13385826349258423 0.15748031437397003 
2,0.18528251349925995 0.19316688179969788 0.1314060389995575 0.2273324579000473 0.262812077999115 
2,0.29080119729042053 0.05341246351599693 0.07566765695810318 0.44510385394096375 0.1350148320198059 
2,0.1325536072254181 0.17738792300224304 0.27290448546409607 0.20467835664749146 0.21247562766075134 
2,0.18672199547290802 0.10373444855213165 0.28630706667900085 0.2282157838344574 0.19502075016498566 
2,0.32218846678733826 0.15501520037651062 0.17325228452682495 0.21580547094345093 0.13373860716819763 
2,0.1882353127002716 0.12156863510608673 0.30588236451148987 0.2705882489681244 0.11372549831867218 
2,0.14035087823867798 0.19298246502876282 0.20000000298023224 0.23157894611358643 0.23508772253990173 
2,0.15887850522994995 0.13084112107753754 0.3644859790802002 0.18691587448120117 0.15887850522994995 
2,0.2574999928474426 0.10749999433755875 0.2750000059604645 0.2149999886751175 0.14499999582767487 
2,0.10071942955255508 0.16546763479709625 0.40287771821022034 0.16546763479709625 0.16546763479709625 
2,0.15318416059017181 0.20654045045375824 0.14457830786705017 0.23924268782138824 0.25645437836647034 
2,0.26737967133522034 0.14438502490520477 0.26737967133522034 0.14973261952400208 0.17112299799919128 
2,0.16867469251155853 0.07228915393352509 0.14457830786705017 0.3132529854774475 0.3012048006057739 
2,0.18994413316249847 0.11173184216022491 0.25698322057724 0.22346368432044983 0.2178770899772644 
2,0.23614458739757538 0.15180723369121552 0.2240963876247406 0.17349398136138916 0.21445783972740173 
2,0.27397260069847107 0.1438356190919876 0.31506848335266113 0.1438356190919876 0.12328767031431198 
2,0.166265070438385 0.1807228922843933 0.09397590905427933 0.29156628251075745 0.2674698829650879 
2,0.15157893300056458 0.17263157665729523 0.18947367370128632 0.21052630245685577 0.2757894694805145 
2,0.26213592290878296 0.13592232763767242 0.29611650109291077 0.14077669382095337 0.1650485396385193 
2,0.23346303403377533 0.15175096690654755 0.29571983218193054 0.1284046620130539 0.1906614750623703 
2,0.24358974397182465 0.16025641560554504 0.1794871836900711 0.17307692766189575 0.24358974397182465 
2,0.23502303659915924 0.1428571492433548 0.25806450843811035 0.1428571492433548 0.2211981564760208 
2,0.14714714884757996 0.16816817224025726 0.21921922266483307 0.2012012004852295 0.2642642855644226 
2,0.13385826349258423 0.15748031437397003 0.3858267664909363 0.18110236525535583 0.14173227548599243 
2,0.1770833432674408 0.2005208432674408 0.203125 0.1927083432674408 0.2265625 
2,0.19382022321224213 0.15449438989162445 0.12359550595283508 0.23595505952835083 0.2921348214149475 
2,0.25668448209762573 0.11229946464300156 0.22994652390480042 0.21122995018959045 0.18983957171440125 
2,0.17589576542377472 0.16286644339561462 0.21498370170593262 0.18892507255077362 0.25732898712158203 
2,0.2063106745481491 0.13349515199661255 0.19660194218158722 0.20388349890708923 0.2597087323665619 
2,0.15000000596046448 0.14523810148239136 0.2904762029647827 0.24761906266212463 0.1666666716337204 
2,0.2098214328289032 0.1473214328289032 0.2901785969734192 0.1696428656578064 0.1830357164144516 
2,0.18139535188674927 0.14418604969978333 0.3255814015865326 0.1860465109348297 0.1627907007932663 
2,0.1261538416147232 0.17230769991874695 0.19384615123271942 0.20000000298023224 0.3076923191547394 
2,0.1111111044883728 0.1111111044883728 0.476190447807312 0.13227513432502747 0.16931216418743134 
2,0.11221945285797119 0.17456360161304474 0.24688279628753662 0.2369077354669571 0.22942644357681274 
2,0.24302789568901062 0.15537849068641663 0.23505976796150208 0.17131474614143372 0.19521912932395935 
2,0.20357142388820648 0.12142857164144516 0.30000001192092896 0.16428571939468384 0.21071428060531616 
2,0.31785714626312256 0.13928571343421936 0.11071428656578064 0.22857142984867096 0.20357142388820648 
2,0.11711712181568146 0.19594594836235046 0.1779279261827469 0.20270270109176636 0.30630630254745483 
2,0.21019108593463898 0.1146496832370758 0.35668790340423584 0.19108280539512634 0.12738853693008423 
2,0.17886178195476532 0.16260161995887756 0.28455284237861633 0.18292681872844696 0.19105690717697144 
2,0.18466898798942566 0.11149825900793076 0.25783970952033997 0.2229965180158615 0.2229965180158615 
2,0.12765957415103912 0.16366612911224365 0.13093289732933044 0.27168577909469604 0.3060556650161743 
2,0.16129031777381897 0.14516128599643707 0.2338709533214569 0.25 0.20967741310596466 
2,0.2300885021686554 0.17994099855422974 0.1386430710554123 0.21533922851085663 0.23598819971084595 
