3,0.1575179100036621 0.16229116916656494 0.1742243468761444 0.29832935333251953 0.2076372355222702 
3,0.17596566677093506 0.11587982624769211 0.4034334719181061 0.15021459758281708 0.15450644493103027 
3,0.12640449404716492 0.10393258184194565 0.35393258929252625 0.19662921130657196 0.21910113096237183 
3,0.14540059864521027 0.13946586847305298 0.30563798546791077 0.15133531391620636 0.25816023349761963 
3,0.14381270110607147 0.18060199916362762 0.2040133774280548 0.1872909665107727 0.284280925989151 
3,0.17518247663974762 0.14355230331420898 0.21897810697555542 0.23357664048671722 0.22871045768260956 
3,0.08500000089406967 0.17999999225139618 0.35499998927116394 0.19499999284744263 0.1850000023841858 
3,0.16099071502685547 0.15789473056793213 0.32198143005371094 0.16408668458461761 0.19504643976688385 
3,0.23111110925674438 0.12444444745779037 0.23555555939674377 0.1599999964237213 0.24888889491558075 
3,0.10112359374761581 0.17977528274059296 0.3483146131038666 0.1498127281665802 0.22097378969192505 
3,0.09554140269756317 0.15923567116260529 0.2929936349391937 0.25477707386016846 0.19745223224163055 
3,0.1855955570936203 0.21606647968292236 0.0941828191280365 0.21883656084537506 0.2853185534477234 
3,0.16483516991138458 0.11538461595773697 0.3186813294887543 0.1538461595773697 0.24725274741649628 
3,0.125 0.16032609343528748 0.2445652186870575 0.21739131212234497 0.25271740555763245 
4,0.11778290569782257 0.18937644362449646 0.17551963031291962 0.26096996665000916 0.2563510239124298 
4,0.16754618287086487 0.208443284034729 0.13456465303897858 0.2730870842933655 0.21635884046554565 
4,0.10485436767339706 0.19611650705337524 0.2368932068347931 0.21359223127365112 0.24854369461536407 
4,0.18939393758773804 0.16969695687294006 0.2393939346075058 0.16969695687294006 0.23181816935539246 
4,0.08561236411333084 0.217598095536232 0.13198572397232056 0.19857312738895416 0.36623066663742065 
4,0.11860940605401993 0.20040899515151978 0.21063394844532013 0.18813905119895935 0.2822085916996002 
4,0.11894272267818451 0.13656386733055115 0.31277531385421753 0.22466959059238434 0.2070484459400177 
4,0.1831831932067871 0.17867867648601532 0.18168169260025024 0.25075075030326843 0.20570571720600128 
4,0.23245614767074585 0.17105263471603394 0.22807016968727112 0.20614035427570343 0.16228070855140686 
4,0.12133891135454178 0.1380753070116043 0.35983261466026306 0.17573221027851105 0.20502091944217682 
4,0.08571428805589676 0.17142857611179352 0.3095238208770752 0.20476190745830536 0.22857144474983215 
4,0.13731344044208527 0.1492537260055542 0.38805970549583435 0.15223880112171173 0.17313432693481445 
4,0.15757575631141663 0.20606060326099396 0.24545453488826752 0.1818181723356247 0.20909090340137482 
4,0.18518519401550293 0.24074074625968933 0.1358024775981903 0.21296297013759613 0.2253086417913437 
4,0.1100478395819664 0.15311004221439362 0.23444975912570953 0.23923444747924805 0.2631578743457794 
4,0.1541353464126587 0.21052631735801697 0.17293234169483185 0.1917293220758438 0.27067670226097107 
4,0.13953489065170288 0.15581394731998444 0.2279069721698761 0.216279074549675 0.2604651153087616 
4,0.10197368264198303 0.20723684132099152 0.17105263471603394 0.21710526943206787 0.30263158679008484 
4,0.23217923939228058 0.18533605337142944 0.15274949371814728 0.23217923939228058 0.1975560188293457 
4,0.19291338324546814 0.17322835326194763 0.12992125749588013 0.24409449100494385 0.25984251499176025 
4,0.11811023950576782 0.19685038924217224 0.16062992811203003 0.23937007784843445 0.28503936529159546 
4,0.22525596618652344 0.15699657797813416 0.21501706540584564 0.21160408854484558 0.1911262720823288 
4,0.19672130048274994 0.17759563028812408 0.21311475336551666 0.16120217740535736 0.25136610865592957 
4,0.1190476268529892 0.1865079402923584 0.2242063581943512 0.2242063581943512 0.2460317611694336 
4,0.10344827175140381 0.1625615805387497 0.2660098373889923 0.2019704431295395 0.2660098373889923 
4,0.16887417435646057 0.17880794405937195 0.1986754983663559 0.22847682237625122 0.22516556084156036 
4,0.1468254029750824 0.2083333432674408 0.1805555671453476 0.2242063581943512 0.2400793731212616 
4,0.16028708219528198 0.22966507077217102 0.15071769058704376 0.22966507077217102 0.22966507077217102 
4,0.12987013161182404 0.16883116960525513 0.27532467246055603 0.1792207807302475 0.2467532455921173 
4,0.15290521085262299 0.18654434382915497 0.16207951307296753 0.20795108377933502 0.2905198931694031 
4,0.07610993832349777 0.17970401048660278 0.24101479351520538 0.21564482152462006 0.2875264286994934 
4,0.15799255669116974 0.19702601432800293 0.16171003878116608 0.2304832637310028 0.25278809666633606 
4,0.19674555957317352 0.1834319531917572 0.10355030000209808 0.2662721872329712 0.25 
4,0.1055045798420906 0.13302752375602722 0.4357798099517822 0.16513760387897491 0.16055044531822205 
4,0.09829059988260269 0.21581198275089264 0.2735042870044708 0.2628205120563507 0.14957265555858612 
4,0.16981130838394165 0.18238992989063263 0.1320754736661911 0.2578616142272949 0.2578616142272949 
