4,0.13545817136764526 0.16334661841392517 0.32270917296409607 0.17131474614143372 0.20717132091522217 
4,0.121495321393013 0.15654204785823822 0.2289719581604004 0.24532710015773773 0.24766354262828827 
4,0.17481203377246857 0.17293234169483185 0.18796992301940918 0.16541354358196259 0.2988722026348114 
4,0.10561797767877579 0.22921349108219147 0.26516854763031006 0.19550561904907227 0.2044943869113922 
4,0.2161458432674408 0.2057291716337204 0.1953125 0.2161458432674408 0.1666666716337204 
4,0.07598784565925598 0.18844984471797943 0.2917933166027069 0.1762917935848236 0.26747721433639526 
4,0.16513760387897491 0.2110091596841812 0.18807338178157806 0.2614678740501404 0.17431192100048065 
4,0.16343042254447937 0.1893204003572464 0.1877022683620453 0.2346278429031372 0.22491909563541412 
4,0.09868421405553818 0.2184210568666458 0.173684224486351 0.22631579637527466 0.2828947603702545 
4,0.1314387172460556 0.17406749725341797 0.25399646162986755 0.2149200737476349 0.22557726502418518 
4,0.209917351603508 0.23140496015548706 0.09917355328798294 0.21983471512794495 0.23966942727565765 
4,0.19823788106441498 0.08370043337345123 0.33039647340774536 0.22026431560516357 0.16740086674690247 
4,0.1695331633090973 0.21621620655059814 0.18427518010139465 0.21621620655059814 0.21375921368598938 
4,0.1459459513425827 0.17297297716140747 0.227027028799057 0.2081081122159958 0.24594594538211823 
4,0.33898305892944336 0.10169491171836853 0.3050847351551056 0.11864406615495682 0.1355932205915451 
4,0.15057915449142456 0.1660231649875641 0.2818532884120941 0.1718146651983261 0.22972972691059113 
4,0.12187958508729935 0.20851688086986542 0.22613802552223206 0.19530102610588074 0.24816446006298065 
4,0.1583198755979538 0.20516963303089142 0.20355412364006042 0.21970921754837036 0.2132471799850464 
4,0.17688679695129395 0.1179245263338089 0.3207547068595886 0.1745283007621765 0.20990566909313202 
4,0.15359477698802948 0.2042483687400818 0.17483660578727722 0.2271241843700409 0.2401960790157318 
4,0.0746987983584404 0.21686747670173645 0.1807228922843933 0.21927711367607117 0.30843374133110046 
4,0.1576763540506363 0.14107884466648102 0.37344399094581604 0.16597510874271393 0.1618257313966751 
4,0.09677419066429138 0.1666666716337204 0.3817204236984253 0.1827957034111023 0.17204301059246063 
4,0.1750972718000412 0.1848248988389969 0.21206225454807281 0.21011672914028168 0.21789883077144623 
4,0.15789473056793213 0.21052631735801697 0.3070175349712372 0.14912280440330505 0.17543859779834747 
4,0.15575620532035828 0.19187359511852264 0.2415349930524826 0.20541761815547943 0.20541761815547943 
4,0.2209944874048233 0.17403315007686615 0.21823205053806305 0.21270719170570374 0.17403315007686615 
4,0.20802004635334015 0.15288220345973969 0.2255639135837555 0.18796992301940918 0.2255639135837555 
4,0.12141882628202438 0.21145975589752197 0.12960436940193176 0.2796725928783417 0.257844477891922 
4,0.10497237741947174 0.06629834324121475 0.4033149182796478 0.19889503717422485 0.22651934623718262 
4,0.2185090035200119 0.13110539317131042 0.2313624620437622 0.22107969224452972 0.19794344902038574 
4,0.16339869797229767 0.09803921729326248 0.45098039507865906 0.16993464529514313 0.11764705926179886 
4,0.11048158258199692 0.15580736100673676 0.26912179589271545 0.24079319834709167 0.2237960249185562 
4,0.15772871673107147 0.19085173308849335 0.19558359682559967 0.23501577973365784 0.22082018852233887 
4,0.12099643796682358 0.15302491188049316 0.33451956510543823 0.1743772178888321 0.21708184480667114 
4,0.1780821830034256 0.11415524780750275 0.34703195095062256 0.24200911819934845 0.11872145533561707 
4,0.17195767164230347 0.1111111044883728 0.35449734330177307 0.17989417910575867 0.1825396716594696 
4,0.126953125 0.1875 0.228515625 0.1875 0.26953125 
4,0.1827242523431778 0.12624584138393402 0.35880398750305176 0.12624584138393402 0.2059800624847412 
4,0.17446808516979218 0.21063828468322754 0.20425531268119812 0.1702127605676651 0.24042552709579468 
4,0.17614679038524628 0.20917432010173798 0.157798171043396 0.1981651335954666 0.25871559977531433 
4,0.1114649698138237 0.12738853693008423 0.3789809048175812 0.162420392036438 0.2197452187538147 
4,0.1254071593284607 0.21009771525859833 0.21009771525859833 0.2280130237340927 0.22638435661792755 
4,0.14691942930221558 0.22748816013336182 0.1990521401166916 0.225118488073349 0.2014218121767044 
0,0.08695652335882187 0.19565217196941376 0.239130437374115 0.19323670864105225 0.28502413630485535 
0,0.22865013778209686 0.1845730096101761 0.1652892529964447 0.22865013778209686 0.19283746182918549 
0,0.2222222238779068 0.2222222238779068 0.2222222238779068 0.2222222238779068 0.1111111119389534 
0,0.15568862855434418 0.1646706610918045 0.21556887030601501 0.17664670944213867 0.28742516040802 
0,0.11413043737411499 0.16847826540470123 0.16032609343528748 0.26902174949645996 0.28804346919059753 
0,0.11764705926179886 0.18736383318901062 0.21786491572856903 0.21350762248039246 0.26361656188964844 
