2,0.2063492238521576 0.1547619104385376 0.2142857313156128 0.1944444626569748 0.2301587462425232 
2,0.12048192322254181 0.1987951695919037 0.24096384644508362 0.13855421543121338 0.3012048006057739 
2,0.2316715568304062 0.1524926722049713 0.3167155385017395 0.1348973661661148 0.1642228662967682 
2,0.3005952537059784 0.1369047611951828 0.1755952388048172 0.2261904776096344 0.1607142835855484 
2,0.16330274939537048 0.19266055524349213 0.17614679038524628 0.2165137678384781 0.2513761520385742 
2,0.14556962251663208 0.16772152483463287 0.22468355298042297 0.22468355298042297 0.2373417764902115 
2,0.2983425557613373 0.07734806835651398 0.23756906390190125 0.215469628572464 0.1712707281112671 
2,0.18267419934272766 0.1487758904695511 0.3013182580471039 0.1732580065727234 0.1939736306667328 
2,0.26995304226875305 0.13849765062332153 0.246478870511055 0.2112676054239273 0.13380281627178192 
2,0.2368421107530594 0.1473684310913086 0.3526315987110138 0.11052632331848145 0.15263158082962036 
2,0.13661201298236847 0.16939890384674072 0.23770491778850555 0.23770491778850555 0.2185792326927185 
2,0.18457943201065063 0.20794391632080078 0.15887850522994995 0.18691587448120117 0.2616822421550751 
2,0.08055555820465088 0.20277778804302216 0.2638888955116272 0.1388888955116272 0.31388890743255615 
2,0.2720763683319092 0.11933174729347229 0.23866349458694458 0.21479713916778564 0.1551312655210495 
2,0.17528735101222992 0.12931033968925476 0.29597699642181396 0.15229885280132294 0.24712643027305603 
2,0.10407239943742752 0.1493212729692459 0.24434390664100647 0.2171945869922638 0.2850678861141205 
2,0.08838383853435516 0.1944444477558136 0.21464645862579346 0.24242424964904785 0.2601010203361511 
2,0.25342464447021484 0.04794520512223244 0.33561643958091736 0.15753424167633057 0.2054794430732727 
2,0.20137298107147217 0.1418764293193817 0.2494278997182846 0.20823797583580017 0.19908465445041656 
2,0.25886523723602295 0.1666666567325592 0.09929077327251434 0.21631205081939697 0.25886523723602295 
2,0.20128479599952698 0.20342612266540527 0.13490363955497742 0.22483940422534943 0.2355460375547409 
2,0.15354330837726593 0.14173227548599243 0.22047244012355804 0.20078739523887634 0.28346455097198486 
2,0.14404430985450745 0.15789473056793213 0.2853185534477234 0.1717451512813568 0.24099722504615784 
2,0.16603054106235504 0.15458014607429504 0.17938931286334991 0.23664122819900513 0.2633587718009949 
2,0.15311004221439362 0.17942583560943604 0.2751196026802063 0.1985645890235901 0.19377990067005157 
2,0.19691118597984314 0.13899613916873932 0.21621620655059814 0.19691118597984314 0.2509652376174927 
2,0.3317756950855255 0.1074766293168068 0.30841121077537537 0.12616822123527527 0.12616822123527527 
2,0.13289035856723785 0.12624584138393402 0.22923587262630463 0.2591361999511719 0.25249168276786804 
2,0.22775264084339142 0.11463046818971634 0.18401207029819489 0.2911010682582855 0.18250377476215363 
2,0.15441176295280457 0.16544117033481598 0.20955882966518402 0.25735294818878174 0.2132352888584137 
2,0.20338982343673706 0.09830508381128311 0.3050847351551056 0.20338982343673706 0.18983051180839539 
2,0.1540404111146927 0.19949494302272797 0.27272728085517883 0.1792929321527481 0.1944444477558136 
2,0.2432432323694229 0.12741312384605408 0.23938223719596863 0.2046332061290741 0.1853281855583191 
2,0.21400777995586395 0.13618676364421844 0.32295718789100647 0.12062256783246994 0.2062256783246994 
3,0.11263736337423325 0.1785714328289032 0.2967033088207245 0.1895604431629181 0.22252747416496277 
3,0.16748768091201782 0.17733989655971527 0.2216748744249344 0.2019704431295395 0.23152709007263184 
3,0.11596958339214325 0.1387832760810852 0.11787071824073792 0.22623573243618011 0.4011406898498535 
3,0.019704433158040047 0.10344827175140381 0.4926108419895172 0.14778324961662292 0.23645320534706116 
3,0.18965516984462738 0.1573275923728943 0.23491379618644714 0.20474137365818024 0.21336206793785095 
3,0.09354838728904724 0.1758064478635788 0.1483870893716812 0.22741934657096863 0.35483869910240173 
3,0.16049382090568542 0.11728395521640778 0.40740740299224854 0.1419753134250641 0.17283950746059418 
3,0.17475728690624237 0.1229773536324501 0.23948220908641815 0.22977347671985626 0.2330097109079361 
3,0.15000000596046448 0.0357142873108387 0.550000011920929 0.12142857164144516 0.1428571492433548 
3,0.2063492238521576 0.0952381044626236 0.2142857313156128 0.1666666716337204 0.3174603283405304 
3,0.09967845678329468 0.16720256209373474 0.31511253118515015 0.2057877779006958 0.21221864223480225 
3,0.15434083342552185 0.11575562506914139 0.43086814880371094 0.10932475328445435 0.1897106021642685 
3,0.16981132328510284 0.15094339847564697 0.25471699237823486 0.18867924809455872 0.2358490526676178 
3,0.13133640587329865 0.14746543765068054 0.2949308753013611 0.20046083629131317 0.22580644488334656 
3,0.2195121943950653 0.10975609719753265 0.2926829159259796 0.18292681872844696 0.19512194395065308 
3,0.08805031329393387 0.10691823810338974 0.3899371027946472 0.21383647620677948 0.2012578547000885 
