1,0.2698412835597992 0.111111119389534 0.2936508059501648 0.1428571492433548 0.1825396865606308 
1,0.0923076942563057 0.0923076942563057 0.39230769872665405 0.17692308127880096 0.2461538463830948 
1,0.21021021902561188 0.12612612545490265 0.15915916860103607 0.30930930376052856 0.19519519805908203 
1,0.1702127605676651 0.12765957415103912 0.36702126264572144 0.20212765038013458 0.13297872245311737 
1,0.13227513432502747 0.13756613433361053 0.317460298538208 0.19576719403266907 0.21693120896816254 
1,0.16619718074798584 0.17183098196983337 0.17464788258075714 0.1774647831916809 0.30985915660858154 
1,0.27753302454948425 0.11894272267818451 0.23348017036914825 0.19823788106441498 0.17180615663528442 
1,0.24418604373931885 0.10465116053819656 0.3488371968269348 0.12790697813034058 0.1744185984134674 
1,0.21072795987129211 0.14176245033740997 0.30651339888572693 0.13026820123195648 0.21072795987129211 
1,0.1320754736661911 0.17924529314041138 0.3207547068595886 0.19811320304870605 0.16981132328510284 
1,0.2467191517353058 0.11548556387424469 0.317585289478302 0.1548556387424469 0.16535432636737823 
1,0.2366071492433548 0.15625 0.267857164144516 0.2008928656578064 0.1383928656578064 
1,0.15730337798595428 0.13857677578926086 0.2584269642829895 0.2659175992012024 0.17977528274059296 
1,0.18028168380260468 0.14647886157035828 0.30140843987464905 0.18028168380260468 0.19154928624629974 
1,0.2660098373889923 0.13793103396892548 0.31527093052864075 0.1231527104973793 0.15763546526432037 
1,0.2983425557613373 0.10497237741947174 0.3038674294948578 0.1767955869436264 0.11602210253477097 
1,0.12449798732995987 0.13654617965221405 0.2650602459907532 0.24096384644508362 0.2329317182302475 
1,0.09649123251438141 0.11403508484363556 0.4385964870452881 0.2017543911933899 0.14912280440330505 
1,0.19672130048274994 0.13387978076934814 0.3306010961532593 0.17759563028812408 0.16120217740535736 
1,0.26885247230529785 0.1213114783167839 0.3081967234611511 0.14098361134529114 0.16065573692321777 
1,0.1550387591123581 0.13565891981124878 0.20542635023593903 0.27519381046295166 0.22868217527866364 
1,0.29921260476112366 0.05511811003088951 0.3385826647281647 0.15748031437397003 0.14960630238056183 
1,0.11009173840284348 0.10091742873191833 0.32568806409835815 0.20183485746383667 0.2614678740501404 
1,0.2621951103210449 0.11585365235805511 0.2621951103210449 0.12804877758026123 0.23170730471611023 
1,0.17346937954425812 0.15816326439380646 0.3163265287876129 0.18877550959587097 0.16326530277729034 
1,0.32679739594459534 0.09477124363183975 0.2549019753932953 0.1895424872636795 0.1339869350194931 
1,0.17100371420383453 0.12267658114433289 0.33085501194000244 0.17843866348266602 0.19702601432800293 
1,0.26501765847206116 0.11307420581579208 0.18021202087402344 0.2332155555486679 0.208480566740036 
1,0.1979166716337204 0.1197916716337204 0.390625 0.1458333432674408 0.1458333432674408 
1,0.23410403728485107 0.12138728052377701 0.2803468108177185 0.15606936812400818 0.20809248089790344 
1,0.18644067645072937 0.16949152946472168 0.24152542650699615 0.2118644118309021 0.1906779706478119 
1,0.2398523986339569 0.12546125054359436 0.23616236448287964 0.18450184166431427 0.21402214467525482 
1,0.2305084764957428 0.11864406615495682 0.41694915294647217 0.10169491171836853 0.1322033852338791 
1,0.1731843501329422 0.1508379876613617 0.3631284832954407 0.08938547223806381 0.22346368432044983 
1,0.15325669944286346 0.13026820123195648 0.36781609058380127 0.18390804529190063 0.16475094854831696 
1,0.14084506034851074 0.06338027864694595 0.5070422291755676 0.10563380271196365 0.18309858441352844 
1,0.178217813372612 0.11881187558174133 0.3366336524486542 0.14851485192775726 0.21782177686691284 
1,0.21250000596046448 0.09583333879709244 0.3291666805744171 0.20000001788139343 0.16250000894069672 
1,0.16410256922245026 0.1846153885126114 0.22051282227039337 0.22564102709293365 0.20512820780277252 
1,0.22807016968727112 0.13450291752815247 0.2514619827270508 0.20467835664749146 0.1812865436077118 
1,0.2151898592710495 0.12236286699771881 0.3459915518760681 0.16033753752708435 0.15611813962459564 
1,0.16509434580802917 0.09433962404727936 0.35849058628082275 0.19339622557163239 0.18867924809455872 
1,0.22641509771347046 0.11320754885673523 0.3094339668750763 0.22641509771347046 0.12452830374240875 
1,0.17142857611179352 0.12063492089509964 0.32380953431129456 0.19365079700946808 0.190476194024086 
1,0.14035087823867798 0.14327485859394073 0.22514620423316956 0.21637427806854248 0.27485379576683044 
1,0.2534562349319458 0.11520737409591675 0.24423962831497192 0.17972350120544434 0.20737327635288239 
1,0.19883041083812714 0.10526315867900848 0.3625730872154236 0.1871345043182373 0.1461988389492035 
1,0.04615384712815285 0.1230769231915474 0.5076923370361328 0.20000000298023224 0.1230769231915474 
1,0.19178082048892975 0.1698630154132843 0.23835617303848267 0.17534247040748596 0.22465753555297852 
1,0.36180904507637024 0.10552763938903809 0.23115578293800354 0.1557788997888565 0.14572864770889282 
